200 220
200 240
240 220
240 241
240 174
240 31
240 254
240 259
259 254
259 81
254 31
254 32
254 3
254 81
81 351
81 184
81 51
81 3
220 241
220 136
241 174
241 18
241 136
174 18
174 20
174 31
51 3
51 242
51 184
184 242
184 183
184 58
184 208
184 3
136 18
136 94
136 235
18 20
18 94
31 20
31 32
31 185
31 242
31 78
32 3
32 185
3 242
3 185
94 235
94 20
94 47
94 169
20 78
20 47
185 242
183 208
183 242
58 208
208 213
208 250
208 242
208 212
250 213
250 212
250 182
250 242
242 182
242 248
242 78
242 60
182 212
182 248
248 212
248 60
248 78
212 126
212 60
212 213
213 126
213 60
235 169
235 247
235 119
169 47
169 69
169 247
47 78
47 59
47 167
47 69
119 247
247 69
247 168
69 167
69 159
69 168
168 159
168 147
168 126
159 167
159 147
167 59
167 60
167 147
167 126
78 60
78 59
59 60
60 126
147 126
