112 255
112 80
255 256
255 80
80 256
80 217
80 17
80 37
80 36
256 217
256 34
217 17
217 49
217 34
34 66
34 97
34 49
66 33
66 65
66 97
33 54
33 52
33 25
33 65
65 97
65 25
97 49
97 189
97 181
97 25
49 17
49 61
49 189
17 37
17 225
17 61
225 37
225 177
225 61
37 36
37 63
37 177
63 76
63 77
63 177
76 222
76 39
76 72
76 35
76 77
76 177
177 77
177 35
177 61
77 35
35 72
35 61
61 72
61 62
61 189
189 62
189 190
189 181
25 181
25 106
25 40
25 52
52 40
52 54
54 40
54 195
195 40
195 106
195 228
40 106
40 40
40 228
106 181
106 228
181 190
181 257
181 228
190 62
190 188
190 89
190 257
62 72
62 188
188 72
188 71
188 85
188 89
72 39
72 91
72 71
222 39
39 155
39 91
91 155
91 165
91 89
91 71
91 149
71 89
71 85
85 89
89 165
89 178
89 26
89 133
89 257
257 133
257 111
257 228
228 111
228 227
228 14
111 133
111 26
111 227
133 26
227 26
227 67
227 14
14 67
14 11
67 26
67 22
67 11
26 178
26 21
26 22
11 22
22 21
21 178
21 123
21 108
178 165
178 123
165 149
165 123
123 149
123 210
123 29
123 108
149 155
149 154
149 210
155 154
154 210
154 150
210 29
210 150
108 29
108 55
55 29
29 150
