200 220
200 240
240 220
240 241
240 174
240 31
240 254
240 259
259 254
259 81
254 31
254 32
254 3
254 81
81 351
81 184
81 51
81 3
220 241
220 136
241 174
241 18
241 136
174 18
174 20
174 31
51 3
51 242
51 184
184 242
184 183
184 58
184 208
184 3
136 18
136 94
136 235
18 20
18 94
31 20
31 32
31 185
31 242
31 78
32 3
32 185
3 242
3 185
94 235
94 20
94 47
94 169
20 78
20 47
185 242
183 208
183 242
58 208
208 213
208 250
208 242
208 212
250 213
250 212
250 182
250 242
242 182
242 248
242 78
242 60
182 212
182 248
248 212
248 60
248 78
212 126
212 60
212 213
213 126
213 60
235 169
235 247
235 119
169 47
169 69
169 247
47 78
47 59
47 167
47 69
119 247
247 69
247 168
69 167
69 159
69 168
168 159
168 147
168 126
159 167
159 147
167 59
167 60
167 147
167 126
78 60
78 59
59 60
60 126
147 126
112 255
112 80
255 256
255 80
80 256
80 217
80 17
80 37
80 36
256 217
256 34
217 17
217 49
217 34
34 66
34 97
34 49
66 33
66 65
66 97
33 54
33 52
33 25
33 65
65 97
65 25
97 49
97 189
97 181
97 25
49 17
49 61
49 189
17 37
17 225
17 61
225 37
225 177
225 61
37 36
37 63
37 177
63 76
63 77
63 177
76 222
76 39
76 72
76 35
76 77
76 177
177 77
177 35
177 61
77 35
35 72
35 61
61 72
61 62
61 189
189 62
189 190
189 181
25 181
25 106
25 40
25 52
52 40
52 54
54 40
54 195
195 40
195 106
195 228
40 106
40 40
40 228
106 181
106 228
181 190
181 257
181 228
190 62
190 188
190 89
190 257
62 72
62 188
188 72
188 71
188 85
188 89
72 39
72 91
72 71
222 39
39 155
39 91
91 155
91 165
91 89
91 71
91 149
71 89
71 85
85 89
89 165
89 178
89 26
89 133
89 257
257 133
257 111
257 228
228 111
228 227
228 14
111 133
111 26
111 227
133 26
227 26
227 67
227 14
14 67
14 11
67 26
67 22
67 11
26 178
26 21
26 22
11 22
22 21
21 178
21 123
21 108
178 165
178 123
165 149
165 123
123 149
123 210
123 29
123 108
149 155
149 154
149 210
155 154
154 210
154 150
210 29
210 150
108 29
108 55
55 29
29 150
12 88
12 261
12 13
88 261
88 87
13 231
13 261
87 261
87 209
261 209
261 231
209 231
209 45
45 232
45 148
45 144
45 231
231 125
231 211
231 144
232 148
232 4
232 79
148 4
148 79
148 144
148 114
144 211
144 114
144 79
211 114
211 125
211 249
125 114
125 249
125 158
4 79
4 224
79 224
79 107
79 234
79 113
79 114
114 113
114 249
113 107
113 234
113 90
113 249
249 234
249 90
249 68
249 158
158 68
158 246
246 68
246 48
246 50
68 90
68 186
68 100
68 48
90 234
90 186
186 234
186 164
186 100
234 107
234 170
234 164
107 224
107 137
107 170
107 164
224 137
137 170
137 233
233 170
233 162
233 229
170 162
170 161
170 164
164 161
164 230
164 100
100 161
100 230
100 48
50 48
50 142
50 143
143 48
143 142
143 239
239 142
239 43
239 238
238 43
238 151
151 43
151 24
24 43
24 41
24 166
166 41
166 42
166 152
166 244
152 41
152 42
152 116
116 42
116 120
116 244
244 120
244 243
244 42
243 120
243 128
243 127
128 127
127 120
120 42
42 41
42 74
41 43
41 75
41 74
74 75
75 43
75 236
75 263
75 262
43 163
43 237
43 236
43 142
236 237
236 141
236 263
263 141
263 140
263 262
262 140
262 141
140 229
140 141
229 162
229 237
229 141
141 162
141 237
162 237
162 163
162 161
161 163
161 230
48 230
48 163
48 142
230 163
163 237
163 142
8 179
8 223
179 223
179 7
179 193
193 7
193 146
193 145
145 146
145 226
223 7
223 207
223 129
223 138
7 146
7 226
7 260
7 207
146 226
226 157
226 260
207 260
207 129
260 157
260 83
260 129
83 129
83 157
83 82
157 198
157 160
157 82
198 96
198 102
198 160
138 129
138 70
138 93
129 82
129 173
129 70
82 160
82 196
82 56
82 173
160 102
160 196
102 96
102 95
102 196
96 258
96 197
96 134
96 95
258 180
258 197
180 124
180 216
180 197
124 132
124 216
70 173
70 93
173 56
173 93
173 57
56 196
56 95
56 93
56 57
196 95
57 93
93 95
93 134
93 28
93 135
93 192
93 92
93 253
95 134
134 197
134 130
134 28
197 216
197 215
197 130
197 28
216 132
216 219
216 10
216 215
216 130
53 92
53 252
253 92
252 92
252 171
252 15
92 192
92 73
92 171
192 135
192 121
192 98
192 9
192 71
192 73
135 28
135 121
28 130
28 131
28 121
130 215
130 205
130 122
130 131
215 10
215 205
10 219
10 218
10 205
15 171
15 16
171 73
171 9
171 16
73 9
121 131
121 98
121 9
16 9
16 98
16 175
16 64
9 98
98 131
98 191
98 175
131 122
131 191
131 175
122 205
122 191
205 218
205 139
205 38
205 191
218 219
218 139
219 132
219 203
219 139
132 2
132 203
64 175
64 19
64 101
175 191
175 19
101 19
19 191
191 38
38 139
38 203
139 203
2 30
86 117
117 201
201 27
44 84
44 204
44 99
204 84
204 5
204 99
84 5
84 99
84 118
84 109
5 99
99 109
99 118
99 23
23 118
23 251
23 187
23 156
156 187
109 110
109 176
109 118
110 176
176 118
176 172
172 118
172 214
118 214
118 6
118 115
118 251
214 6
6 115
6 221
221 115
221 245
221 206
187 251
187 206
251 115
251 245
251 206
115 245
245 206
