12 88
12 261
12 13
88 261
88 87
13 231
13 261
87 261
87 209
261 209
261 231
209 231
209 45
45 232
45 148
45 144
45 231
231 125
231 211
231 144
232 148
232 4
232 79
148 4
148 79
148 144
148 114
144 211
144 114
144 79
211 114
211 125
211 249
125 114
125 249
125 158
4 79
4 224
79 224
79 107
79 234
79 113
79 114
114 113
114 249
113 107
113 234
113 90
113 249
249 234
249 90
249 68
249 158
158 68
158 246
246 68
246 48
246 50
68 90
68 186
68 100
68 48
90 234
90 186
186 234
186 164
186 100
234 107
234 170
234 164
107 224
107 137
107 170
107 164
224 137
137 170
137 233
233 170
233 162
233 229
170 162
170 161
170 164
164 161
164 230
164 100
100 161
100 230
100 48
50 48
50 142
50 143
143 48
143 142
143 239
239 142
239 43
239 238
238 43
238 151
151 43
151 24
24 43
24 41
24 166
166 41
166 42
166 152
166 244
152 41
152 42
152 116
116 42
116 120
116 244
244 120
244 243
244 42
243 120
243 128
243 127
128 127
127 120
120 42
42 41
42 74
41 43
41 75
41 74
74 75
75 43
75 236
75 263
75 262
43 163
43 237
43 236
43 142
236 237
236 141
236 263
263 141
263 140
263 262
262 140
262 141
140 229
140 141
229 162
229 237
229 141
141 162
141 237
162 237
162 163
162 161
161 163
161 230
48 230
48 163
48 142
230 163
163 237
163 142
