8 179
8 223
179 223
179 7
179 193
193 7
193 146
193 145
145 146
145 226
223 7
223 207
223 129
223 138
7 146
7 226
7 260
7 207
146 226
226 157
226 260
207 260
207 129
260 157
260 83
260 129
83 129
83 157
83 82
157 198
157 160
157 82
198 96
198 102
198 160
138 129
138 70
138 93
129 82
129 173
129 70
82 160
82 196
82 56
82 173
160 102
160 196
102 96
102 95
102 196
96 258
96 197
96 134
96 95
258 180
258 197
180 124
180 216
180 197
124 132
124 216
70 173
70 93
173 56
173 93
173 57
56 196
56 95
56 93
56 57
196 95
57 93
93 95
93 134
93 28
93 135
93 192
93 92
93 253
95 134
134 197
134 130
134 28
197 216
197 215
197 130
197 28
216 132
216 219
216 10
216 215
216 130
53 92
53 252
253 92
252 92
252 171
252 15
92 192
92 73
92 171
192 135
192 121
192 98
192 9
192 71
192 73
135 28
135 121
28 130
28 131
28 121
130 215
130 205
130 122
130 131
215 10
215 205
10 219
10 218
10 205
15 171
15 16
171 73
171 9
171 16
73 9
121 131
121 98
121 9
16 9
16 98
16 175
16 64
9 98
98 131
98 191
98 175
131 122
131 191
131 175
122 205
122 191
205 218
205 139
205 38
205 191
218 219
218 139
219 132
219 203
219 139
132 2
132 203
64 175
64 19
64 101
175 191
175 19
101 19
19 191
191 38
38 139
38 203
139 203
2 30
86 117
117 201
201 27
